0 1 0 0 9.7160 0.5000
1 1 0 0 9.6000 0.5000
2 1 0 0 8.3550 0.5000
3 1 0 0 9.0910 0.5000
4 1 0 0 9.3140 0.5000
5 1 0 0 6.6000 0.5000
6 1 0 0 9.0550 0.5000
7 1 0 0 9.2030 0.5000
8 1 0 0 9.4720 0.5000
9 1 0 0 8.4860 0.5000
10 1 0 0 9.7300 0.5000
11 1 0 0 8.0250 0.5000
12 1 0 0 9.3750 0.5000
13 1 0 0 8.8050 0.5000
14 1 0 0 11.6730 0.5000
15 1 0 0 9.0730 0.5000
16 1 0 0 10.9370 0.5000
17 1 0 0 9.4140 0.5000
18 1 0 0 7.1230 0.5000
19 1 0 0 10.1640 0.5000
20 1 0 0 8.5820 0.5000
21 1 0 0 8.9930 0.5000
22 1 0 0 9.2260 0.5000
23 1 0 0 9.1590 0.5000
24 1 0 0 11.5380 0.5000
25 1 0 0 8.0590 0.5000
26 1 0 0 9.3030 0.5000
27 1 0 0 7.6310 0.5000
28 1 0 0 8.6770 0.5000
29 1 0 0 9.4170 0.5000
30 1 0 0 10.8690 0.5000
31 1 0 0 9.2780 0.5000
32 1 0 0 9.3930 0.5000
33 1 0 0 10.8480 0.5000
34 1 0 0 8.6640 0.5000
35 1 0 0 8.8810 0.5000
36 1 0 0 8.7910 0.5000
37 1 0 0 9.7920 0.5000
38 1 0 0 9.9330 0.5000
39 1 0 0 9.0590 0.5000
40 1 0 0 8.3490 0.5000
41 1 0 0 7.2210 0.5000
42 1 0 0 6.6210 0.5000
43 1 0 0 9.9730 0.5000
44 1 0 0 9.6300 0.5000
45 1 0 0 8.9290 0.5000
46 1 0 0 8.5230 0.5000
47 1 0 0 8.7670 0.5000
48 1 0 0 9.7230 0.5000
49 1 0 0 9.6170 0.5000
50 1 0 0 8.8870 0.5000
51 1 0 0 10.2940 0.5000
52 1 0 0 9.7120 0.5000
53 1 0 0 8.8400 0.5000
54 1 0 0 7.7290 0.5000
55 1 0 0 8.5890 0.5000
56 1 0 0 9.3990 0.5000
57 1 0 0 9.5540 0.5000
58 1 0 0 11.3880 0.5000
59 1 0 0 15.4150 0.3711
60 1 0 0 9.4910 0.5000
61 1 0 0 6.8210 0.5000
62 1 0 0 12.9740 0.4541
63 1 0 0 9.0820 0.5000
64 1 0 0 23.5650 0.2343
65 1 0 0 8.4470 0.5000
66 1 0 0 8.4490 0.5000
67 1 0 0 7.6510 0.5000
68 1 0 0 9.3890 0.5000
69 1 0 0 9.7050 0.5000
70 1 0 0 8.9540 0.5000
71 1 0 0 7.5290 0.5000
72 1 0 0 8.2680 0.5000
73 1 0 0 9.7160 0.5000
74 1 0 0 8.0750 0.5000
75 1 0 0 7.3370 0.5000
76 1 0 0 9.6150 0.5000
77 1 0 0 8.8640 0.5000
78 1 0 0 9.7780 0.5000
79 1 0 0 9.7080 0.5000
80 1 0 0 10.1850 0.5000
81 1 0 0 9.4120 0.5000
82 1 0 0 8.5910 0.5000
83 1 0 0 8.7900 0.5000
84 1 0 0 10.1360 0.5000
85 1 0 0 11.2900 0.4811
86 1 0 0 9.8970 0.5000
87 1 0 0 7.7680 0.5000
88 1 0 0 9.2540 0.5000
89 1 0 0 8.6980 0.5000
90 1 0 0 8.6830 0.5000
91 1 0 0 9.9670 0.5000
92 1 0 0 12.9370 0.4016
93 1 0 0 5.0810 0.5000
94 1 0 0 7.0600 0.5000
95 1 0 0 9.3020 0.5000
96 1 0 0 9.7710 0.5000
97 1 0 0 8.2400 0.5000
98 1 0 0 9.6950 0.5000
99 1 0 0 11.0330 0.5000
100 1 0 0 9.3670 0.5000
101 1 0 0 9.1230 0.5000
102 1 0 0 10.1100 0.5000
103 1 0 0 10.9800 0.5000
104 1 0 0 10.5080 0.5000
105 1 0 0 9.7930 0.5000
106 1 0 0 10.0350 0.5000
107 1 0 0 10.7650 0.5000
108 1 0 0 8.9820 0.5000
109 1 0 0 9.8770 0.5000
110 1 0 0 8.7340 0.5000
111 1 0 0 15.6200 0.4291
112 1 0 0 13.4280 0.4447
113 1 0 0 10.4940 0.5000
114 1 0 0 12.5740 0.4956
115 1 0 0 9.2690 0.5000
116 1 0 0 9.5090 0.5000
117 1 0 0 11.3780 0.5000
118 1 0 0 22.1580 0.2593
119 1 0 0 9.9150 0.5000
120 1 0 0 10.9660 0.5000
121 1 0 0 10.2610 0.5000
122 1 0 0 9.2980 0.5000
123 1 0 0 10.9430 0.5000
124 1 0 0 11.6650 0.5000
125 1 0 0 8.8870 0.5000
126 1 0 0 9.7230 0.5000
127 1 0 0 10.3070 0.5000
128 1 0 0 8.2550 0.5000
129 1 0 0 10.9560 0.5000
130 1 0 0 9.0790 0.5000
131 1 0 0 9.8860 0.5000
132 1 0 0 10.2640 0.5000
133 1 0 0 9.7160 0.5000
134 1 0 0 9.8250 0.5000
135 1 0 0 7.9560 0.5000
136 1 0 0 9.7910 0.5000
137 1 0 0 10.8690 0.5000
138 1 0 0 13.0720 0.5000
139 1 0 0 9.7080 0.5000
140 1 0 0 10.0500 0.5000
141 1 0 0 8.7030 0.5000
142 1 0 0 9.2880 0.5000
143 1 0 0 9.9790 0.5000
144 1 0 0 9.7380 0.5000
145 1 0 0 9.3280 0.5000
146 1 0 0 9.8100 0.5000
147 1 0 0 9.1340 0.5000
148 1 0 0 9.7440 0.5000
149 1 0 0 9.3690 0.5000
150 1 0 0 9.4940 0.5000
151 1 0 0 9.7560 0.5000
152 1 0 0 8.9870 0.5000
153 1 0 0 10.2680 0.5000
154 1 0 0 9.7840 0.5000
155 1 0 0 9.5590 0.5000
156 1 0 0 8.0630 0.5000
157 1 0 0 13.4950 0.4607
158 1 0 0 10.0180 0.5000
159 1 0 0 9.0070 0.5000
160 1 0 0 9.1190 0.5000
161 1 0 0 9.2010 0.5000
162 1 0 0 10.3290 0.5000
163 1 0 0 10.6920 0.5000
164 1 0 0 8.4020 0.5000
165 1 0 0 9.3430 0.5000
166 1 0 0 9.3590 0.5000
167 1 0 0 12.6720 0.4814
168 1 0 0 11.6340 0.5000
169 1 0 0 25.4550 0.2155
170 1 0 0 9.5990 0.5000
171 1 0 0 10.7570 0.5000
172 1 0 0 9.2260 0.5000
173 1 0 0 9.3610 0.5000
174 1 0 0 9.9110 0.5000
175 1 0 0 9.8010 0.5000
176 1 0 0 12.1990 0.4461
177 1 0 0 11.6140 0.5000
178 1 0 0 9.4760 0.5000
179 1 0 0 10.0960 0.5000
180 1 0 0 10.0830 0.5000
181 1 0 0 14.7760 0.4107
182 1 0 0 10.2880 0.5000
183 1 0 0 10.3590 0.5000
184 1 0 0 10.0540 0.5000
185 1 0 0 10.2820 0.5000
186 1 0 0 11.0910 0.5000
187 1 0 0 9.6090 0.5000
188 1 0 0 10.8470 0.5000
189 1 0 0 9.0830 0.5000
190 1 0 0 10.0420 0.5000
191 1 0 0 8.9950 0.5000
192 1 0 0 9.8830 0.5000
193 1 0 0 9.8070 0.5000
194 1 0 0 10.1500 0.5000
195 1 0 0 8.6090 0.5000
196 1 0 0 9.6010 0.5000
197 1 0 0 10.9410 0.4974
198 1 0 0 9.3550 0.5000
199 1 0 0 10.0240 0.5000
200 1 0 0 9.3290 0.5000
201 1 0 0 9.2880 0.5000
202 1 0 0 9.9330 0.5000
203 1 0 0 10.3460 0.5000
204 1 0 0 10.5620 0.5000
205 1 0 0 10.0650 0.5000
206 1 0 0 9.4680 0.5000
207 1 0 0 11.0040 0.5000
208 1 0 0 9.4660 0.5000
209 1 0 0 9.7420 0.5000
210 1 0 0 9.6120 0.5000
211 1 0 0 9.3840 0.5000
212 1 0 0 6.9480 0.5000
213 1 0 0 9.5460 0.5000
214 1 0 0 10.7540 0.5000
215 1 0 0 12.2560 0.4532
216 1 0 0 9.9300 0.5000
217 1 0 0 10.7070 0.5000
218 1 0 0 8.4000 0.5000
219 1 0 0 10.1520 0.5000
220 1 0 0 10.0980 0.5000
221 1 0 0 9.6360 0.5000
222 1 0 0 10.7890 0.5000
223 1 0 0 9.0320 0.5000
224 1 0 0 10.9350 0.5000
225 1 0 0 9.9030 0.5000
226 1 0 0 9.8160 0.5000
227 1 0 0 9.7490 0.5000
228 1 0 0 12.3210 0.5000
229 1 0 0 9.5940 0.5000
230 1 0 0 10.5770 0.5000
231 1 0 0 19.4620 0.3002
232 1 0 0 10.2500 0.5000
233 1 0 0 8.3800 0.5000
234 1 0 0 9.9360 0.5000
235 1 0 0 10.0620 0.5000
236 1 0 0 9.7900 0.5000
237 1 0 0 22.0140 0.2582
238 1 0 0 9.9890 0.5000
239 1 0 0 10.5860 0.5000
240 1 0 0 9.9750 0.5000
241 1 0 0 10.8850 0.5000
242 1 0 0 17.3580 0.3150
243 1 0 0 12.4780 0.5000
244 1 0 0 9.8850 0.5000
245 1 0 0 9.9560 0.5000
246 1 0 0 26.0450 0.2097
247 1 0 0 8.7480 0.5000
248 1 0 0 10.6710 0.5000
249 1 0 0 10.4480 0.5000
250 1 0 0 9.1380 0.5000
251 1 0 0 8.8760 0.5000
252 1 0 0 8.4650 0.5000
253 1 0 0 9.6100 0.5000
254 1 0 0 12.0290 0.4858
255 1 0 0 11.0050 0.5000
256 1 0 0 9.1780 0.5000
257 1 0 0 10.0260 0.5000
258 1 0 0 10.0010 0.5000
259 1 0 0 9.6760 0.5000
260 1 0 0 10.8830 0.5000
261 1 0 0 9.6800 0.5000
262 1 0 0 10.4710 0.5000
263 1 0 0 9.4870 0.5000
264 1 0 0 11.8900 0.5000
265 1 0 0 13.6580 0.4611
266 1 0 0 9.9070 0.5000
267 1 0 0 10.3040 0.5000
268 1 0 0 11.5240 0.4773
269 1 0 0 9.2480 0.5000
270 1 0 0 9.2990 0.5000
271 1 0 0 11.1920 0.5000
272 1 0 0 10.4370 0.5000
273 1 0 0 12.7030 0.4650
274 1 0 0 9.3110 0.5000
275 1 0 0 13.2410 0.4133
276 1 0 0 11.3660 0.5000
277 1 0 0 10.0520 0.5000
278 1 0 0 10.8590 0.5000
279 1 0 0 11.1320 0.5000
280 1 0 0 10.4350 0.5000
281 1 0 0 11.7410 0.5000
282 1 0 0 19.6100 0.3114
283 1 0 0 11.3940 0.5000
284 1 0 0 15.4190 0.3604
285 1 0 0 11.7030 0.4767
286 1 0 0 25.4330 0.2549
287 1 0 0 16.3630 0.3958
288 1 0 0 11.6660 0.5000
289 1 0 0 11.5430 0.5000
290 1 0 0 12.2380 0.4729
291 1 0 0 9.1980 0.5000
292 1 0 0 12.5520 0.4758
293 1 0 0 10.4350 0.5000
294 1 0 0 24.7660 0.2368
295 1 0 0 11.2860 0.4964
296 1 0 0 9.8480 0.5000
297 1 0 0 10.3430 0.5000
298 1 0 0 15.0150 0.3820
299 1 0 0 10.2670 0.5000
282 1 0 0 18.1460 0.3365
275 1 0 0 13.8100 0.3963
281 1 0 0 11.5780 0.5000
64 1 0 0 20.6320 0.2676
59 1 0 0 10.3260 0.5000
118 0 1 0 8.0450 0.0000
118 1 0 0 11.3010 0.5000
169 1 0 0 19.7730 0.2774
169 1 0 0 18.5710 0.2954
286 1 0 0 30.1720 0.2149
286 1 0 0 11.0450 0.5000
294 1 0 0 19.9880 0.2935
246 1 0 0 9.6280 0.5000
231 1 0 0 10.0300 0.5000
169 1 0 0 19.3580 0.2834
118 1 0 0 10.8610 0.5000
64 1 0 0 21.1840 0.2606
0 1 0 0 9.7500 0.5000
250 1 0 0 8.9850 0.5000
320 0 1 0 0.0030 0.0000
320 0 1 0 0.0030 0.0000
0 1 0 0 8.7240 0.5000
310 0 1 0 0.0130 0.0000
270 1 0 0 9.4200 0.5000
